10
2.789 -9.500 -4.499 -5.536 4.729 3.534 7.844 -8.261 -1.562 -9.404
-5.627 0.107 -9.469 -6.023 2.998 0.899 -5.591 1.785 6.189 -9.870
6.116 3.963 -3.195 -6.890 9.144 -3.268 -8.145 -8.066 6.950 2.075
6.143 4.595 0.725 9.462 -2.429 1.041 6.588 2.370 7.234 1.547
4.091 -9.084 -5.442 -4.212 -8.404 -5.344 -7.980 -4.441 2.714 -2.703
-2.596 -5.810 -4.660 8.733 2.961 2.183 -6.577 4.583 -6.732 -2.411
9.790 2.800 1.139 3.692 6.857 5.520 -5.419 -9.358 -3.691 -4.645
-5.780 8.858 7.527 -3.706 3.109 -2.087 8.291 -0.823 -4.702 -5.067
1.227 -4.745 1.692 7.956 -2.012 -5.614 9.951 0.191 -8.182 -9.058
-7.807 2.549 5.842 -1.557 -8.729 -2.368 9.922 0.582 9.422 7.216
