10
-9.770 4.414 3.634 0.739 -4.663 2.819 -7.769 -1.305 -0.926 9.076
7.517 -4.732 0.012 -6.427 8.253 7.410 -4.031 2.779 2.179 -6.943
5.250 0.788 5.573 0.607 -9.989 -3.517 -9.610 8.582 7.574 6.633
-3.850 -8.841 7.560 8.939 -8.287 -0.280 -8.616 5.212 5.317 -7.432
-0.494 0.996 -4.699 7.449 -1.537 -5.764 0.786 4.599 -5.977 -3.766
9.903 2.998 -1.238 0.352 -7.580 -5.506 -3.238 1.766 -5.398 -5.596
-8.580 2.622 -5.421 8.108 7.193 -8.583 -5.240 3.380 -5.715 -7.354
8.710 1.421 -0.547 5.692 6.150 -6.192 -8.061 -1.379 -1.528 -0.660
4.582 3.467 9.683 -8.032 -1.948 -3.214 7.233 -5.027 -6.196 -1.028
-1.562 -4.429 -5.004 8.465 -1.137 7.227 1.007 -8.988 9.986 6.721
