10
-2.342263 1.784301 1.603847 0.072049 0.642043 1.932031 0.554799 0.460488 -0.989506 -0.643402
-0.321881 -0.113668 -0.412066 0.309416 0.106684 -0.606543 0.056188 2.154235 1.337216 0.323128
0.763034 -0.621404 0.395760 0.459593 0.519080 -1.329899 -0.359439 -0.048276 -1.175037 -0.743930
-2.150260 1.318683 1.182598 -1.051007 -0.035070 -0.164252 0.311726 -0.265560 0.415357 -0.793307
0.322612 -0.261502 -0.396459 0.606914 1.289918 0.102772 1.432448 -0.066677 -0.525155 0.176580
-0.198578 -0.863486 -1.155713 0.236812 0.504571 1.435350 -0.512077 0.128915 -0.094009 -0.015124
0.716452 -0.703660 1.536941 2.421042 -0.194842 -1.217750 -0.438880 0.800173 -0.155919 -1.295549
-0.572689 -0.682715 1.102372 0.204539 0.609527 0.073745 0.647263 0.501892 -0.874848 0.411072
-1.448329 -1.468371 -0.076109 1.718052 0.612223 -0.247062 0.555750 -0.558207 0.528217 0.900972
1.283320 -0.197435 -0.414219 -1.109027 0.733955 0.950318 -0.409378 -0.080983 0.568175 0.670894
