10
-0.608 1.821 -1.669 1.876 -0.159 0.080 -0.290 0.186 -0.862 0.628
-1.255 0.468 -1.199 -1.441 0.836 -0.228 1.955 -1.489 -0.530 -1.958
-2.364 -0.136 1.462 -0.041 -0.447 0.461 -0.903 -0.063 -0.330 2.026
0.401 -0.657 1.191 0.745 -0.307 -1.032 -0.532 0.011 1.222 0.843
1.462 -0.001 0.926 -1.076 0.596 -0.467 -0.109 -1.052 -1.063 -1.251
0.080 -1.207 0.387 1.816 -0.810 -1.156 0.443 0.076 0.907 1.057
1.071 1.398 -0.868 -0.190 0.709 0.867 0.113 -0.658 0.587 0.347
-0.953 0.652 -0.541 0.389 2.117 -0.878 -1.188 -0.707 -0.432 -0.042
-0.190 -1.778 0.663 0.210 -0.449 0.818 -2.463 -1.235 0.149 -0.792
2.052 -0.780 1.095 -0.404 -1.189 1.675 -0.116 -0.114 -0.656 0.808
