10
-200.027970 163.031175 -89.571311 -3.110673 -15.295591 -170.991286 104.555814 60.765485 -250.571061 -48.843593 
143.971262 79.173455 4.697568 -210.215978 130.125573 -56.598199 235.355472 -53.398448 -228.754369 -118.940214 
-28.857849 48.037397 18.936790 -167.725089 -20.173632 137.572373 204.405802 -94.011241 -58.341850 113.882541 
-51.742562 -38.138825 133.372756 64.198727 -34.421087 -28.853859 -159.763545 19.687675 -1.621796 -85.391215 
-122.932930 63.748266 84.187249 -178.690484 -38.282986 110.137318 198.643707 -157.523854 0.465852 197.620539 
13.026163 -78.746543 -6.042873 139.905427 -86.032278 -33.228240 -45.214218 37.200498 19.620653 -66.344453 
-76.227780 1.868224 52.813676 -30.922597 -200.955388 56.138991 -70.129650 120.198894 -23.735364 11.419210 
62.702609 -5.183788 -83.662626 -9.923293 136.118948 -70.092691 -97.926644 186.390620 -12.949300 -126.170918 
-231.062367 -21.857285 2.434452 157.396814 16.921493 -123.129452 -180.602487 177.947523 -10.947530 -90.605469 
64.800667 -16.397465 37.414497 -29.213326 91.743570 -26.774579 27.190702 -64.521813 69.794727 -26.645275 
